100
8129 512819 4
8439 865622 9
9523 81976 5
9385 146808 1
8892 186601 5
4017 755925 4
9628 221919 9
9390 517315 4
1002 914907 8
8429 327368 2
9412 458712 2
3748 207521 4
2433 588437 7
5630 555906 6
6153 882984 8
2228 961000 6
9352 507517 9
121 132 1
4945 279540 7
886 56750 8
2499 989424 7
4766 385349 3
1108 708286 6
5992 237133 9
7075 952308 3
3568 887100 8
21345 4441283 13
1033 109791 2
3725 832955 1
8764 690922 4
1616 875376 6
9929 160753 4
8621 305784 1
378 659223 5
4131 988357 1
9151 163110 6
1056 45030 4
852 514597 2
5579 763362 2
9324 755359 1
8135 346033 4
121 131 1
3127 909969 3
646 753992 3
9974 603759 9
0 1000000000000000000 1
4827 379304 8
3459 893118 8
7243 39232 6
4609 64949 8
6311 744038 5
39 1000000 3
490 499674 1
1363 123520 8
0 1000000000000000000 1000000000
6366 921028 2
100000 1000000000000000000 3
6916 519450 6
1405 52064 3
1396 974496 5
1551 635917 7
3976 759716 7
22322 22322 1
3901 458931 4
121 121 11
2789 205886 5
2590 45700 5
0 132 1
352 116029 3
9332 549970 6
4401 792858 5
3376 156586 6
2965 769993 4
0 100 2
1925 194236 4
2035 587687 6
4370 274443 1
8984 321196 7
2675 641763 3
10 22322 2
8989 909410 5
34432 9999920 222
2428 914457 2
2871 611476 1
1813 539974 3
2519 171840 3
5759 165757 6
7977 626769 9
5303 577653 4
999 99999 78788
332 539995 7
3263 62970 1
6673 645665 9
1516 476245 5
5272 393026 2
3491 376189 1
1209 371972 7
1000000000 1000000000000000000 1
7597 115191 5
9481 668314 4
