100
755 11
978 10
3 10
109 76
958 86
745 5
2 98
355 11
915 30
2 1
838 46
108 30
555 27
908 56
2 97
758 81
748 77
173 90
758 96
439 40
582 60
124 68
1000 97
494 92
226 22
911 80
13 37
254 30
289 65
1000 5
959 86
2 3
537 11
728 33
500 44
793 69
950 95
786 52
440 28
808 71
398 61
30 46
918 38
61 39
362 76
551 71
1000 3
1000 4
246 78
977 44
2 4
633 94
451 5
801 16
712 1
2 96
67 45
424 35
1000 95
816 86
2 50
397 40
79 65
169 3
744 3
387 98
484 74
492 78
871 75
81 39
580 93
924 39
462 18
383 4
1000 99
807 16
270 26
875 93
758 85
2 5
2 2
965 51
171 6
1000 96
295 30
716 10
740 92
1000 2
635 54
2 99
204 41
289 48
906 56
642 34
1000 98
824 54
2 95
5 75
1000 1
320 75
