100
559513
7783893
5094841
9999929
6704676
6513281
3702389
11
928009
2295773
615403
9999162
4125389
3877633
4461641
9999973
3023326
9999930
9999991
9987391
1
1507483
3910981
3191803
3949061
3323191
9999972
12
4170220
2044523
390548
9999163
6716541
6537523
2872729
9309119
3855409
9999995
8248729
8603593
8237213
6
1264969
5
5331653
9999996
1281246
140839
9682616
4936439
1862603
2610613
7551991
4461643
6735763
3929879
6987083
3410821
7
6697461
10000000
6865010
8184167
8460583
86293
2
2896297
983469
9971849
5462959
7203246
9
4
4461642
3
1221469
4751053
9325574
9999971
5388168
9999999
1144
7742461
1481717
8291470
13
8
4046177
2360890
9299449
10
5001361
3132736
9999931
8697851
2196613
9999998
9999161
9999997
5103067
